3,-36,-33,-33,-39,-41,-46,-47,-47,-49,-50,-48,-47,-49,-46,-45,-43,-45,-40,-34,-34,-35,-35,-36,-35,-35,-35,-35
2,-36,-36,-37,-34,-43,-35,-39,-37,-34,-34,-34,-34,-35,-35,-35,-36,-37,-35,-33,-36,-36,-42,-36,-33,-34,-34,-34
1,-42,-40,-41,-41,-43,-41,-40,-41,-41,-42,-41,-41,-42,-42,-41,-41,-41,-42,-42,-42,-42,-41,-40,-40,-41,-41,-40
1,-39,-40,-42,-40,-41,-41,-42,-40,-40,-42,-40,-41,-42,-40,-40,-40,-40,-41,-42,-41,-40,-41,-41,-41,-41,-40,-41
2,-33,-32,-33,-33,-32,-32,-37,-37,-43,-41,-34,-29,-33,-32,-35,-33,-32,-31,-32,-33,-33,-36,-30,-32,-40,-40,-40
1,-40,-40,-40,-40,-40,-40,-40,-40,-39,-40,-39,-40,-40,-40,-40,-40,-39,-40,-39,-39,-40,-39,-39,-40,-39,-41,-40
2,-35,-33,-32,-34,-33,-34,-34,-36,-33,-34,-34,-34,-33,-34,-34,-34,-36,-33,-36,-34,-34,-43,-43,-35,-35,-37,-36
1,-41,-42,-41,-43,-42,-41,-40,-41,-40,-40,-41,-42,-41,-40,-41,-43,-40,-40,-41,-40,-41,-43,-40,-40,-40,-40,-41
2,-37,-39,-38,-39,-37,-38,-43,-46,-46,-38,-44,-39,-41,-42,-42,-43,-42,-40,-41,-42,-42,-41,-36,-44,-46,-42,-43
3,-34,-31,-30,-31,-30,-40,-42,-41,-44,-41,-42,-42,-41,-39,-40,-42,-40,-39,-39,-42,-39,-39,-34,-31,-35,-30,-31
2,-34,-34,-35,-38,-35,-37,-33,-35,-34,-35,-35,-35,-33,-34,-35,-35,-34,-37,-34,-34,-41,-36,-34,-34,-34,-33,-34
2,-38,-37,-37,-43,-40,-40,-42,-40,-39,-39,-39,-39,-39,-39,-39,-40,-39,-41,-38,-54,-43,-38,-38,-38,-40,-37,-38
3,-33,-34,-34,-36,-35,-38,-39,-40,-43,-42,-42,-42,-39,-37,-37,-38,-38,-39,-39,-40,-39,-34,-37,-35,-34,-35,-34
3,-35,-36,-35,-35,-34,-37,-35,-38,-44,-42,-40,-38,-35,-35,-40,-34,-33,-33,-35,-34,-37,-36,-38,-38,-37,-37,-38
1,-42,-43,-42,-43,-44,-43,-45,-41,-41,-42,-42,-43,-42,-43,-41,-42,-42,-43,-42,-44,-44,-44,-43,-43,-43,-43,-43
3,-34,-39,-45,-47,-49,-50,-50,-53,-51,-49,-48,-48,-47,-46,-46,-44,-44,-44,-41,-37,-35,-35,-34,-35,-36,-35,-35
2,-31,-31,-35,-43,-34,-29,-32,-31,-33,-31,-32,-34,-32,-32,-34,-34,-33,-35,-33,-31,-34,-32,-34,-31,-30,-39,-43
1,-45,-45,-44,-46,-44,-43,-43,-45,-44,-44,-44,-43,-45,-44,-43,-43,-43,-44,-45,-44,-43,-44,-43,-42,-43,-42,-41
3,-32,-33,-32,-30,-31,-32,-32,-42,-46,-43,-41,-41,-43,-48,-52,-44,-39,-36,-36,-32,-32,-32,-32,-31,-30,-33,-31
3,-31,-32,-32,-33,-32,-38,-40,-39,-42,-41,-44,-41,-42,-42,-42,-41,-41,-43,-41,-42,-42,-39,-31,-31,-31,-30,-31
1,-34,-33,-33,-32,-33,-34,-35,-35,-33,-34,-33,-34,-35,-33,-33,-34,-32,-33,-33,-32,-33,-32,-33,-35,-34,-34,-34
2,-36,-35,-38,-44,-40,-39,-38,-40,-41,-42,-40,-39,-40,-38,-40,-36,-36,-52,-40,-42,-38,-38,-39,-38,-40,-39,-40
1,-42,-41,-42,-41,-42,-40,-40,-41,-41,-40,-40,-39,-41,-39,-41,-41,-40,-40,-41,-42,-41,-40,-41,-40,-41,-40,-42
1,-42,-40,-42,-43,-43,-43,-41,-41,-40,-41,-41,-40,-42,-42,-42,-40,-41,-41,-40,-40,-39,-41,-41,-41,-41,-41,-40
1,-43,-41,-43,-40,-40,-40,-40,-40,-42,-43,-41,-43,-40,-41,-41,-42,-40,-43,-41,-40,-42,-40,-39,-39,-41,-40,-39
3,-30,-30,-30,-31,-30,-31,-30,-41,-47,-49,-48,-46,-48,-48,-51,-50,-47,-51,-47,-40,-36,-37,-37,-32,-31,-31,-31
1,-35,-35,-34,-34,-33,-33,-34,-34,-34,-34,-33,-33,-34,-34,-34,-33,-34,-34,-35,-36,-34,-34,-35,-35,-36,-35,-34
1,-43,-43,-43,-42,-42,-42,-42,-44,-43,-42,-43,-42,-42,-43,-44,-43,-43,-43,-43,-44,-43,-44,-42,-42,-42,-42,-42
1,-39,-40,-42,-40,-41,-41,-42,-40,-40,-42,-40,-41,-42,-40,-40,-40,-40,-41,-42,-41,-40,-41,-41,-41,-41,-40,-41
3,-33,-33,-35,-33,-32,-34,-35,-37,-37,-42,-41,-41,-41,-42,-40,-38,-38,-34,-39,-38,-40,-38,-35,-32,-34,-35,-34
1,-37,-35,-36,-36,-35,-34,-34,-35,-34,-33,-34,-34,-33,-34,-35,-35,-35,-35,-36,-35,-35,-35,-36,-34,-33,-34,-35
3,-31,-31,-31,-30,-30,-31,-38,-38,-48,-45,-43,-45,-45,-47,-51,-51,-46,-46,-48,-41,-36,-37,-38,-33,-32,-32,-31
2,-31,-31,-30,-31,-34,-40,-39,-34,-31,-30,-29,-30,-33,-32,-31,-32,-31,-33,-31,-32,-32,-32,-29,-42,-37,-31,-31
2,-31,-31,-31,-38,-39,-31,-31,-33,-31,-32,-32,-31,-31,-31,-33,-32,-32,-32,-31,-33,-42,-39,-38,-32,-31,-31,-32
3,-37,-37,-35,-36,-37,-36,-37,-37,-38,-36,-36,-40,-39,-40,-43,-42,-43,-38,-37,-35,-38,-38,-37,-38,-39,-36,-39
1,-35,-35,-35,-35,-37,-35,-36,-36,-37,-35,-35,-34,-35,-35,-36,-37,-36,-36,-35,-36,-36,-37,-37,-36,-35,-34,-35
1,-43,-42,-41,-41,-42,-40,-42,-40,-40,-40,-40,-39,-41,-40,-40,-40,-41,-40,-41,-41,-40,-42,-40,-42,-42,-41,-39
3,-34,-35,-41,-43,-45,-49,-41,-37,-37,-38,-41,-45,-52,-47,-44,-43,-43,-36,-33,-34,-37,-34,-34,-35,-34,-34,-34
2,-38,-38,-38,-46,-45,-51,-38,-38,-39,-39,-41,-43,-42,-43,-42,-45,-39,-41,-35,-46,-45,-45,-41,-37,-39,-38,-39
2,-31,-31,-32,-31,-30,-40,-33,-31,-30,-30,-30,-33,-31,-31,-33,-30,-31,-28,-30,-37,-38,-32,-31,-32,-31,-30,-29
3,-31,-37,-40,-44,-47,-48,-45,-46,-47,-48,-44,-45,-46,-37,-40,-38,-35,-31,-31,-32,-33,-31,-31,-30,-32,-31,-31
3,-33,-31,-30,-31,-30,-40,-45,-43,-44,-48,-50,-46,-42,-48,-49,-40,-37,-38,-34,-31,-32,-33,-32,-34,-31,-32,-32
2,-32,-31,-29,-30,-30,-29,-39,-36,-29,-30,-30,-31,-33,-32,-32,-31,-32,-32,-31,-32,-30,-35,-36,-40,-35,-33,-31
3,-32,-32,-34,-35,-42,-41,-42,-41,-44,-42,-42,-40,-41,-42,-42,-41,-44,-45,-40,-40,-41,-40,-39,-32,-32,-32,-33
3,-34,-39,-42,-46,-49,-42,-37,-39,-43,-44,-48,-43,-44,-45,-45,-44,-42,-36,-33,-34,-36,-36,-36,-39,-35,-35,-34
1,-42,-41,-41,-41,-42,-42,-41,-42,-43,-42,-41,-42,-41,-42,-43,-45,-42,-42,-43,-41,-42,-44,-44,-43,-42,-41,-42
1,-36,-36,-34,-36,-37,-34,-34,-34,-34,-34,-34,-35,-36,-35,-36,-35,-34,-34,-35,-35,-34,-35,-34,-35,-35,-34,-35
2,-37,-33,-40,-40,-35,-34,-35,-35,-34,-35,-34,-35,-34,-37,-35,-35,-37,-36,-37,-32,-35,-41,-37,-36,-34,-36,-35
3,-35,-36,-37,-36,-33,-38,-39,-42,-40,-41,-42,-42,-42,-38,-38,-34,-38,-37,-37,-36,-35,-36,-35,-35,-35,-35,-35
2,-31,-33,-32,-31,-33,-31,-31,-32,-30,-33,-37,-39,-41,-40,-34,-29,-34,-33,-32,-29,-33,-32,-32,-30,-33,-30,-29
1,-40,-41,-41,-41,-40,-41,-40,-40,-40,-40,-41,-39,-41,-40,-42,-40,-40,-41,-40,-42,-40,-40,-39,-41,-40,-39,-40
2,-32,-32,-31,-31,-33,-38,-40,-35,-33,-30,-31,-28,-30,-31,-29,-31,-31,-31,-32,-32,-32,-33,-29,-33,-40,-35,-33
2,-38,-37,-36,-37,-36,-44,-41,-37,-45,-38,-40,-41,-42,-41,-41,-41,-41,-40,-40,-39,-45,-43,-39,-38,-37,-37,-38
3,-34,-32,-32,-32,-38,-41,-40,-42,-43,-43,-43,-42,-40,-43,-44,-41,-41,-40,-37,-31,-32,-34,-33,-32,-33,-32,-32
2,-34,-39,-42,-32,-40,-33,-35,-35,-37,-35,-35,-34,-34,-35,-35,-33,-34,-36,-37,-35,-31,-46,-44,-37,-32,-37,-36
2,-33,-32,-32,-32,-31,-36,-39,-44,-34,-31,-32,-31,-32,-33,-32,-31,-31,-33,-32,-31,-33,-30,-31,-43,-38,-32,-32
1,-43,-44,-43,-44,-46,-45,-44,-44,-44,-44,-44,-44,-44,-43,-43,-43,-41,-42,-44,-43,-43,-43,-44,-43,-44,-44,-44
3,-36,-35,-33,-37,-41,-43,-44,-50,-51,-50,-53,-52,-48,-45,-43,-38,-34,-34,-36,-35,-37,-37,-37,-38,-37,-36,-35
3,-31,-35,-32,-31,-32,-33,-33,-32,-42,-40,-40,-41,-41,-38,-37,-38,-38,-37,-37,-40,-42,-39,-37,-40,-42,-39,-38
2,-32,-33,-31,-36,-42,-30,-34,-31,-33,-33,-34,-32,-31,-32,-32,-31,-32,-31,-30,-37,-44,-38,-33,-32,-31,-30,-34
3,-36,-34,-37,-33,-35,-40,-41,-43,-43,-44,-45,-48,-52,-50,-49,-50,-50,-47,-47,-43,-41,-39,-34,-33,-35,-36,-36
2,-34,-33,-34,-37,-35,-29,-30,-33,-31,-31,-30,-29,-32,-31,-30,-29,-30,-30,-34,-37,-38,-39,-40,-36,-30,-32,-32
1,-40,-40,-42,-40,-40,-40,-41,-41,-40,-42,-41,-41,-39,-39,-40,-39,-41,-41,-40,-39,-40,-42,-40,-42,-42,-41,-40
1,-35,-35,-35,-33,-34,-34,-35,-34,-33,-36,-35,-36,-34,-36,-34,-34,-34,-34,-33,-33,-34,-35,-34,-34,-34,-34,-34
1,-36,-38,-40,-39,-40,-40,-41,-41,-41,-41,-40,-41,-39,-40,-40,-40,-38,-41,-38,-38,-39,-39,-41,-39,-40,-41,-39
2,-31,-33,-32,-32,-30,-39,-36,-32,-28,-27,-28,-29,-29,-31,-30,-29,-29,-30,-28,-33,-35,-36,-40,-41,-37,-34,-32
1,-42,-43,-42,-42,-43,-43,-40,-41,-40,-43,-42,-43,-43,-41,-41,-40,-41,-41,-43,-41,-43,-43,-42,-42,-43,-43,-42
1,-34,-33,-35,-34,-35,-35,-35,-34,-36,-35,-35,-35,-34,-34,-35,-34,-34,-34,-35,-33,-32,-33,-32,-34,-33,-35,-33
1,-41,-42,-41,-43,-42,-41,-40,-41,-40,-40,-41,-42,-41,-40,-41,-43,-40,-40,-41,-40,-41,-43,-40,-40,-40,-40,-41
1,-42,-41,-43,-41,-42,-41,-42,-41,-42,-42,-42,-42,-41,-41,-41,-41,-42,-41,-41,-43,-43,-43,-43,-42,-42,-42,-42
1,-42,-42,-42,-45,-45,-45,-45,-44,-44,-44,-46,-44,-44,-44,-44,-44,-44,-44,-45,-44,-44,-44,-45,-44,-43,-44,-43
3,-32,-35,-35,-36,-39,-37,-37,-40,-38,-42,-43,-43,-43,-40,-38,-41,-37,-37,-37,-37,-35,-35,-35,-35,-34,-35,-36
2,-32,-31,-31,-32,-32,-30,-31,-37,-42,-34,-32,-30,-29,-30,-31,-31,-31,-31,-28,-29,-32,-30,-34,-38,-40,-43,-36
2,-31,-31,-32,-33,-38,-32,-31,-30,-32,-31,-34,-33,-32,-34,-34,-35,-32,-32,-31,-41,-39,-32,-31,-31,-32,-32,-32
2,-41,-42,-42,-43,-32,-34,-37,-36,-37,-36,-34,-34,-35,-35,-35,-35,-35,-36,-35,-33,-31,-39,-43,-36,-33,-34,-37
2,-37,-38,-37,-39,-39,-39,-37,-37,-38,-40,-41,-38,-40,-42,-42,-42,-38,-38,-40,-36,-49,-43,-42,-39,-39,-39,-38
3,-38,-37,-36,-39,-36,-36,-41,-38,-38,-39,-40,-44,-42,-41,-35,-38,-41,-38,-39,-40,-36,-36,-36,-35,-35,-37,-36
2,-30,-32,-31,-32,-34,-31,-34,-33,-37,-41,-40,-37,-34,-28,-29,-30,-30,-31,-33,-31,-30,-29,-31,-32,-35,-29,-35
2,-35,-35,-34,-34,-41,-31,-36,-34,-35,-35,-34,-34,-34,-34,-35,-34,-34,-34,-35,-36,-35,-37,-32,-43,-38,-34,-35
1,-42,-42,-42,-43,-42,-42,-42,-43,-42,-43,-42,-41,-41,-41,-44,-42,-41,-41,-43,-41,-41,-41,-41,-43,-41,-41,-41
3,-32,-33,-32,-32,-32,-32,-37,-39,-43,-42,-42,-46,-45,-44,-45,-44,-41,-42,-41,-41,-41,-41,-36,-31,-32,-31,-33
1,-42,-41,-39,-40,-42,-41,-40,-39,-40,-40,-41,-42,-41,-42,-43,-41,-42,-41,-42,-42,-41,-43,-41,-41,-41,-41,-41
2,-32,-33,-29,-30,-30,-32,-31,-36,-38,-39,-29,-34,-32,-34,-32,-33,-33,-33,-33,-31,-32,-35,-31,-33,-42,-42,-31
3,-32,-33,-33,-34,-34,-37,-40,-41,-38,-41,-40,-38,-38,-37,-38,-40,-40,-39,-37,-37,-37,-39,-38,-33,-33,-34,-31
2,-37,-37,-39,-43,-43,-50,-37,-40,-42,-42,-41,-43,-42,-41,-40,-40,-39,-42,-50,-43,-42,-38,-38,-39,-39,-38,-38
2,-31,-33,-31,-37,-43,-33,-32,-32,-32,-32,-31,-32,-32,-31,-32,-36,-29,-33,-44,-33,-29,-30,-29,-31,-31,-29,-32
1,-40,-40,-42,-40,-40,-40,-41,-41,-40,-42,-41,-41,-39,-39,-40,-39,-41,-41,-40,-39,-40,-42,-40,-42,-42,-41,-40
1,-40,-40,-41,-40,-40,-41,-41,-40,-41,-43,-43,-41,-41,-41,-42,-41,-41,-43,-43,-43,-42,-41,-41,-42,-42,-43,-43
1,-33,-32,-34,-35,-34,-33,-35,-32,-33,-32,-32,-31,-34,-32,-33,-34,-34,-33,-33,-31,-33,-32,-34,-31,-32,-32,-34
1,-40,-42,-40,-40,-40,-40,-40,-42,-42,-43,-40,-40,-40,-40,-40,-40,-40,-40,-40,-40,-40,-40,-40,-40,-40,-40,-40
1,-36,-35,-35,-34,-36,-34,-36,-34,-34,-34,-33,-33,-35,-36,-34,-34,-34,-34,-33,-34,-36,-37,-35,-36,-35,-36,-35
1,-42,-41,-42,-41,-42,-40,-40,-41,-41,-40,-40,-39,-41,-39,-41,-41,-40,-40,-41,-42,-41,-40,-41,-40,-41,-40,-42
3,-34,-36,-34,-38,-41,-42,-45,-50,-49,-49,-49,-49,-49,-51,-50,-47,-45,-44,-43,-43,-37,-34,-37,-37,-38,-37,-35
3,-36,-37,-37,-34,-39,-38,-36,-36,-41,-43,-44,-41,-36,-36,-40,-42,-43,-38,-37,-36,-38,-38,-36,-36,-38,-36,-36
3,-35,-35,-35,-34,-37,-41,-45,-46,-47,-47,-49,-50,-49,-49,-46,-44,-42,-45,-44,-41,-38,-33,-33,-33,-35,-36,-36
3,-31,-31,-31,-34,-42,-49,-48,-41,-42,-43,-49,-51,-52,-44,-40,-43,-36,-37,-39,-33,-30,-30,-31,-31,-30,-30,-30
1,-43,-41,-43,-40,-40,-40,-40,-40,-42,-43,-41,-43,-40,-41,-41,-42,-40,-43,-41,-40,-42,-40,-39,-39,-41,-40,-39
2,-38,-37,-44,-44,-38,-38,-37,-41,-41,-41,-40,-41,-41,-41,-40,-41,-40,-35,-49,-39,-41,-39,-38,-38,-38,-38,-38
3,-31,-28,-32,-39,-34,-36,-41,-42,-45,-46,-41,-43,-43,-40,-40,-35,-36,-34,-29,-31,-30,-32,-30,-30,-30,-29,-30
3,-32,-31,-31,-29,-31,-30,-36,-38,-40,-44,-44,-42,-45,-45,-52,-49,-48,-45,-50,-43,-37,-38,-36,-31,-30,-30,-30
2,-35,-34,-34,-34,-39,-41,-32,-33,-35,-35,-33,-34,-32,-33,-34,-34,-34,-34,-36,-33,-35,-34,-33,-43,-37,-35,-34
3,-37,-37,-36,-38,-36,-35,-35,-34,-36,-37,-42,-39,-37,-41,-44,-42,-44,-42,-37,-36,-36,-38,-37,-36,-39,-38,-40
2,-35,-33,-32,-33,-39,-33,-39,-33,-33,-35,-36,-35,-35,-35,-34,-36,-34,-34,-33,-31,-40,-39,-31,-34,-37,-35,-34
2,-36,-34,-36,-34,-33,-33,-40,-31,-36,-34,-36,-36,-33,-34,-34,-37,-34,-35,-34,-36,-35,-34,-32,-44,-40,-34,-34
3,-34,-34,-36,-40,-43,-43,-45,-48,-41,-39,-39,-41,-45,-45,-45,-44,-43,-42,-40,-37,-35,-33,-36,-37,-35,-36,-35
3,-33,-31,-32,-33,-36,-41,-41,-41,-42,-40,-42,-43,-43,-40,-41,-40,-42,-40,-37,-39,-36,-31,-31,-31,-32,-30,-31
1,-32,-34,-33,-34,-32,-33,-34,-33,-31,-32,-33,-33,-33,-35,-33,-34,-34,-34,-34,-34,-36,-35,-33,-34,-33,-33,-34
2,-38,-37,-37,-44,-42,-37,-39,-39,-43,-42,-42,-42,-43,-42,-41,-40,-40,-41,-43,-43,-43,-40,-37,-38,-38,-38,-38
3,-34,-35,-35,-35,-36,-37,-35,-36,-37,-38,-38,-37,-38,-41,-41,-42,-43,-41,-37,-35,-38,-39,-38,-40,-36,-39,-40
3,-33,-42,-44,-43,-48,-53,-47,-47,-50,-49,-52,-51,-45,-43,-42,-42,-36,-34,-33,-34,-35,-37,-35,-35,-36,-35,-37
3,-31,-32,-34,-31,-36,-41,-43,-42,-41,-38,-39,-40,-41,-38,-38,-38,-41,-42,-40,-38,-39,-39,-33,-33,-33,-31,-31
3,-30,-29,-29,-33,-32,-31,-34,-34,-41,-50,-46,-45,-47,-46,-46,-44,-49,-38,-32,-31,-28,-28,-29,-29,-29,-29,-31
3,-29,-31,-30,-34,-39,-45,-44,-40,-43,-40,-42,-43,-44,-41,-36,-35,-37,-36,-30,-29,-30,-29,-28,-29,-29,-29,-30
2,-31,-34,-30,-36,-31,-32,-33,-30,-32,-34,-32,-32,-35,-32,-32,-32,-32,-33,-32,-35,-32,-34,-44,-39,-39,-33,-30
1,-44,-45,-44,-44,-44,-44,-46,-44,-45,-43,-44,-44,-41,-42,-42,-43,-42,-42,-43,-45,-47,-45,-46,-44,-46,-44,-44
2,-32,-31,-31,-37,-37,-29,-30,-32,-32,-31,-32,-32,-32,-32,-34,-32,-32,-30,-33,-31,-31,-45,-42,-35,-32,-30,-34
2,-32,-31,-31,-30,-30,-31,-31,-39,-41,-37,-36,-33,-31,-27,-31,-29,-28,-30,-29,-29,-29,-29,-30,-28,-31,-30,-33
3,-33,-34,-33,-31,-32,-32,-38,-41,-45,-41,-42,-42,-43,-41,-42,-43,-40,-39,-40,-40,-41,-40,-42,-38,-31,-34,-33
1,-43,-43,-43,-43,-44,-43,-43,-42,-43,-44,-43,-43,-44,-43,-44,-43,-43,-45,-44,-43,-43,-43,-42,-44,-43,-43,-42
2,-38,-38,-38,-39,-37,-44,-47,-35,-40,-40,-39,-40,-41,-41,-42,-41,-43,-44,-44,-40,-36,-46,-45,-40,-38,-38,-39
1,-42,-40,-41,-41,-43,-41,-40,-41,-41,-42,-41,-41,-42,-42,-41,-41,-41,-42,-42,-42,-42,-41,-40,-40,-41,-41,-40
1,-45,-43,-44,-44,-45,-43,-45,-45,-44,-44,-45,-44,-44,-45,-44,-45,-44,-43,-44,-44,-44,-45,-45,-45,-45,-46,-45
2,-33,-35,-38,-41,-35,-33,-32,-32,-31,-32,-31,-33,-31,-32,-31,-35,-39,-36,-29,-28,-29,-31,-32,-33,-31,-31,-34
2,-38,-37,-38,-40,-41,-47,-44,-48,-37,-45,-38,-38,-41,-42,-40,-41,-41,-41,-42,-41,-38,-39,-35,-39,-45,-45,-44
1,-43,-42,-41,-41,-42,-40,-42,-40,-40,-40,-40,-39,-41,-40,-40,-40,-41,-40,-41,-41,-40,-42,-40,-42,-42,-41,-39
2,-44,-44,-47,-35,-39,-38,-42,-41,-41,-38,-38,-38,-43,-41,-41,-40,-39,-46,-37,-37,-38,-38,-37,-36,-41,-39,-38
3,-34,-35,-36,-36,-36,-44,-37,-42,-45,-42,-41,-42,-39,-41,-40,-38,-37,-39,-39,-39,-39,-37,-39,-36,-34,-38,-34
2,-32,-34,-31,-30,-34,-38,-43,-33,-31,-35,-33,-33,-31,-33,-31,-31,-30,-33,-32,-31,-31,-31,-32,-29,-40,-40,-32
1,-36,-35,-36,-35,-35,-36,-34,-35,-36,-36,-34,-36,-35,-35,-34,-35,-35,-34,-35,-36,-35,-36,-34,-35,-35,-37,-35
3,-37,-35,-35,-36,-35,-37,-39,-39,-41,-41,-39,-43,-43,-43,-40,-41,-35,-37,-39,-39,-38,-38,-35,-37,-37,-36,-34
3,-32,-30,-32,-40,-42,-48,-46,-43,-44,-47,-48,-46,-44,-48,-44,-38,-40,-36,-31,-31,-31,-31,-33,-32,-31,-33,-31
1,-44,-46,-45,-45,-45,-46,-46,-44,-45,-45,-45,-45,-45,-46,-45,-44,-45,-45,-45,-44,-44,-44,-44,-44,-45,-45,-45
3,-36,-37,-36,-35,-36,-37,-34,-35,-38,-39,-38,-37,-36,-41,-42,-41,-40,-42,-39,-36,-38,-35,-37,-35,-37,-37,-42
2,-40,-29,-35,-33,-31,-33,-32,-33,-32,-32,-32,-31,-31,-34,-30,-33,-30,-42,-40,-38,-31,-32,-30,-31,-32,-31,-33
3,-30,-30,-30,-33,-30,-32,-38,-45,-51,-44,-42,-46,-46,-48,-51,-41,-40,-41,-35,-38,-36,-31,-30,-30,-30,-29,-32
1,-43,-42,-44,-42,-42,-41,-42,-42,-42,-43,-44,-41,-42,-43,-43,-43,-43,-42,-43,-42,-42,-42,-43,-42,-43,-45,-42
3,-28,-31,-36,-36,-43,-43,-43,-45,-44,-47,-47,-50,-52,-50,-46,-41,-35,-37,-29,-28,-31,-32,-31,-32,-31,-31,-32
1,-41,-41,-41,-42,-42,-42,-41,-42,-42,-40,-40,-41,-41,-41,-41,-41,-41,-43,-42,-41,-41,-41,-41,-40,-42,-42,-41
3,-31,-31,-32,-31,-30,-33,-37,-39,-42,-42,-38,-40,-40,-42,-39,-38,-42,-42,-38,-38,-37,-37,-40,-34,-33,-35,-31
2,-35,-34,-35,-36,-40,-38,-38,-35,-37,-37,-36,-37,-33,-34,-35,-34,-36,-30,-41,-42,-40,-33,-35,-35,-35,-36,-34
2,-36,-36,-39,-39,-42,-37,-38,-41,-42,-41,-41,-40,-42,-44,-38,-44,-35,-42,-41,-42,-37,-38,-38,-38,-37,-37,-38
2,-33,-35,-41,-31,-35,-34,-32,-34,-39,-38,-29,-30,-30,-31,-31,-33,-29,-29,-34,-38,-35,-35,-33,-31,-30,-31,-33
1,-42,-40,-42,-43,-43,-43,-41,-41,-40,-41,-41,-40,-42,-42,-42,-40,-41,-41,-40,-40,-39,-41,-41,-41,-41,-41,-40
3,-30,-32,-31,-31,-39,-39,-42,-40,-40,-36,-38,-38,-38,-38,-42,-42,-41,-37,-36,-37,-34,-30,-33,-31,-31,-31,-31
1,-35,-34,-32,-33,-33,-33,-34,-33,-34,-32,-34,-34,-33,-34,-33,-34,-33,-33,-31,-32,-31,-33,-34,-33,-33,-33,-34
3,-35,-34,-34,-41,-45,-43,-46,-53,-43,-38,-40,-45,-46,-46,-48,-52,-48,-46,-44,-42,-37,-36,-33,-32,-33,-36,-38
1,-42,-41,-42,-41,-42,-42,-41,-41,-41,-44,-43,-41,-41,-43,-43,-42,-41,-42,-44,-42,-42,-42,-42,-43,-42,-43,-44
2,-38,-38,-38,-37,-36,-38,-43,-44,-44,-40,-40,-40,-40,-41,-42,-42,-44,-40,-39,-44,-40,-48,-40,-39,-38,-38,-36
3,-32,-35,-31,-31,-37,-40,-40,-42,-44,-43,-40,-41,-42,-41,-40,-43,-41,-41,-43,-42,-40,-41,-38,-33,-32,-31,-33
3,-34,-35,-33,-41,-37,-43,-41,-40,-43,-36,-36,-37,-39,-37,-38,-41,-42,-36,-36,-34,-36,-34,-34,-33,-34,-33,-34
3,-31,-30,-31,-35,-46,-46,-45,-44,-42,-43,-44,-46,-46,-47,-46,-45,-38,-38,-39,-32,-31,-31,-30,-30,-31,-31,-31
2,-33,-31,-31,-32,-38,-39,-31,-31,-33,-32,-32,-31,-33,-31,-31,-31,-31,-33,-33,-35,-32,-34,-32,-41,-40,-30,-31
1,-40,-39,-41,-42,-41,-40,-39,-39,-39,-39,-40,-39,-41,-41,-40,-40,-41,-41,-39,-42,-39,-40,-41,-40,-39,-41,-41
1,-35,-35,-35,-36,-35,-34,-35,-34,-32,-35,-34,-34,-34,-36,-35,-35,-35,-36,-33,-34,-34,-34,-33,-34,-36,-35,-33
3,-31,-30,-34,-43,-40,-42,-43,-45,-45,-42,-41,-42,-40,-39,-41,-36,-37,-37,-32,-30,-31,-31,-32,-33,-32,-34,-31
1,-40,-41,-41,-41,-40,-41,-40,-40,-40,-40,-41,-39,-41,-40,-42,-40,-40,-41,-40,-42,-40,-40,-39,-41,-40,-39,-40
3,-31,-32,-32,-33,-32,-39,-39,-45,-40,-42,-42,-41,-42,-42,-43,-43,-41,-40,-41,-39,-38,-36,-35,-32,-33,-33,-32
1,-42,-43,-42,-42,-43,-43,-40,-41,-40,-43,-42,-43,-43,-41,-41,-40,-41,-41,-43,-41,-43,-43,-42,-42,-43,-43,-42
3,-33,-33,-32,-35,-33,-35,-37,-37,-46,-38,-41,-42,-42,-42,-39,-40,-40,-37,-40,-39,-37,-38,-37,-36,-32,-35,-33
3,-36,-36,-37,-36,-34,-35,-39,-44,-45,-47,-46,-46,-47,-46,-46,-46,-43,-44,-44,-43,-41,-38,-35,-35,-34,-35,-33
1,-39,-39,-40,-42,-41,-41,-41,-40,-40,-41,-41,-41,-40,-40,-39,-39,-40,-39,-40,-39,-41,-40,-42,-41,-41,-40,-41
2,-32,-31,-30,-30,-35,-39,-40,-39,-35,-30,-29,-32,-30,-31,-30,-31,-30,-31,-31,-29,-28,-32,-29,-33,-37,-43,-37
2,-30,-36,-40,-42,-38,-33,-31,-28,-30,-31,-33,-30,-30,-31,-30,-32,-28,-31,-34,-33,-30,-36,-39,-42,-40,-35,-31
2,-32,-32,-33,-31,-31,-37,-37,-30,-31,-29,-31,-29,-33,-32,-30,-28,-31,-32,-28,-32,-38,-37,-38,-38,-35,-30,-30
3,-43,-42,-46,-50,-53,-52,-52,-52,-52,-54,-48,-46,-44,-45,-42,-41,-39,-36,-33,-35,-35,-34,-36,-35,-36,-36,-35
1,-40,-42,-40,-40,-40,-40,-40,-42,-42,-43,-40,-40,-40,-40,-40,-40,-40,-40,-40,-40,-40,-40,-40,-40,-40,-40,-40
2,-31,-31,-32,-32,-33,-38,-44,-37,-29,-35,-32,-32,-33,-32,-31,-30,-30,-32,-31,-31,-32,-31,-37,-43,-40,-37,-31
1,-35,-35,-33,-34,-35,-34,-35,-35,-35,-36,-34,-35,-35,-35,-36,-34,-36,-35,-35,-35,-33,-36,-36,-34,-36,-35,-35
1,-40,-40,-41,-40,-40,-41,-41,-40,-41,-43,-43,-41,-41,-41,-42,-41,-41,-43,-43,-43,-42,-41,-41,-42,-42,-43,-43
2,-34,-34,-36,-42,-35,-35,-35,-34,-34,-34,-34,-36,-36,-35,-35,-35,-33,-32,-42,-34,-33,-34,-34,-33,-35,-35,-35
2,-30,-31,-32,-32,-34,-37,-38,-42,-35,-30,-33,-30,-35,-34,-34,-30,-31,-31,-31,-29,-30,-38,-39,-37,-32,-30,-30
3,-32,-33,-32,-30,-38,-41,-43,-46,-43,-44,-45,-50,-50,-47,-45,-45,-48,-40,-37,-33,-30,-31,-31,-31,-31,-31,-31
2,-34,-34,-34,-35,-38,-37,-35,-34,-34,-34,-33,-34,-35,-36,-35,-35,-32,-36,-33,-45,-40,-34,-34,-35,-37,-35,-35
3,-34,-34,-41,-42,-42,-46,-48,-50,-50,-51,-50,-47,-46,-46,-45,-44,-44,-43,-42,-40,-39,-35,-33,-36,-35,-36,-38
2,-35,-35,-37,-45,-30,-37,-33,-35,-36,-35,-34,-37,-35,-34,-35,-35,-35,-35,-34,-36,-34,-44,-31,-32,-34,-33,-33
1,-33,-32,-32,-32,-32,-33,-32,-34,-34,-35,-34,-33,-34,-33,-35,-35,-35,-33,-35,-35,-35,-34,-33,-35,-33,-33,-35
1,-41,-40,-40,-40,-40,-41,-40,-40,-41,-40,-41,-40,-40,-42,-41,-43,-42,-42,-40,-40,-39,-41,-41,-40,-42,-43,-45
3,-36,-34,-35,-41,-41,-41,-45,-47,-48,-48,-48,-47,-46,-44,-42,-37,-34,-32,-35,-35,-35,-36,-35,-36,-35,-35,-41
2,-38,-37,-37,-37,-37,-43,-43,-43,-38,-40,-39,-39,-42,-41,-41,-43,-41,-38,-43,-34,-47,-42,-41,-39,-39,-39,-38
2,-39,-43,-32,-37,-35,-37,-35,-36,-34,-34,-35,-35,-36,-35,-35,-37,-37,-33,-38,-32,-34,-43,-45,-37,-32,-34,-35
