2,-35,-33,-32,-34,-33,-34,-34,-36,-33,-34,-34,-34,-33,-34,-34,-34,-36,-33,-36,-34,-34,-43,-43,-35,-35,-37,-36
3,-36,-34,-35,-41,-41,-41,-45,-47,-48,-48,-48,-47,-46,-44,-42,-37,-34,-32,-35,-35,-35,-36,-35,-36,-35,-35,-41
3,-32,-32,-34,-35,-42,-41,-42,-41,-44,-42,-42,-40,-41,-42,-42,-41,-44,-45,-40,-40,-41,-40,-39,-32,-32,-32,-33
3,-34,-34,-41,-42,-42,-46,-48,-50,-50,-51,-50,-47,-46,-46,-45,-44,-44,-43,-42,-40,-39,-35,-33,-36,-35,-36,-38
2,-37,-38,-38,-38,-38,-44,-44,-45,-38,-45,-38,-41,-41,-41,-42,-43,-42,-40,-39,-41,-38,-40,-52,-47,-43,-43,-37
3,-34,-32,-32,-32,-38,-41,-40,-42,-43,-43,-43,-42,-40,-43,-44,-41,-41,-40,-37,-31,-32,-34,-33,-32,-33,-32,-32
2,-34,-34,-36,-42,-35,-35,-35,-34,-34,-34,-34,-36,-36,-35,-35,-35,-33,-32,-42,-34,-33,-34,-34,-33,-35,-35,-35
3,-41,-42,-44,-43,-45,-53,-49,-51,-50,-49,-45,-45,-46,-45,-40,-38,-33,-32,-34,-33,-35,-35,-34,-35,-37,-36,-36
2,-38,-38,-38,-39,-37,-44,-47,-35,-40,-40,-39,-40,-41,-41,-42,-41,-43,-44,-44,-40,-36,-46,-45,-40,-38,-38,-39
2,-34,-34,-33,-38,-43,-33,-32,-35,-35,-35,-35,-34,-35,-34,-36,-35,-35,-32,-38,-34,-30,-43,-42,-38,-34,-34,-35
3,-43,-42,-46,-50,-53,-52,-52,-52,-52,-54,-48,-46,-44,-45,-42,-41,-39,-36,-33,-35,-35,-34,-36,-35,-36,-36,-35
1,-35,-35,-34,-34,-33,-33,-34,-34,-34,-34,-33,-33,-34,-34,-34,-33,-34,-34,-35,-36,-34,-34,-35,-35,-36,-35,-34
1,-43,-41,-43,-40,-40,-40,-40,-40,-42,-43,-41,-43,-40,-41,-41,-42,-40,-43,-41,-40,-42,-40,-39,-39,-41,-40,-39
1,-34,-33,-33,-32,-33,-34,-35,-35,-33,-34,-33,-34,-35,-33,-33,-34,-32,-33,-33,-32,-33,-32,-33,-35,-34,-34,-34
2,-36,-35,-38,-44,-40,-39,-38,-40,-41,-42,-40,-39,-40,-38,-40,-36,-36,-52,-40,-42,-38,-38,-39,-38,-40,-39,-40
2,-35,-34,-33,-34,-33,-34,-41,-41,-31,-37,-34,-36,-35,-36,-35,-33,-33,-33,-34,-34,-36,-33,-38,-35,-43,-43,-34
2,-36,-33,-34,-33,-33,-35,-40,-32,-34,-36,-35,-34,-35,-35,-34,-34,-34,-35,-35,-34,-34,-37,-31,-39,-43,-35,-32
1,-35,-34,-32,-33,-33,-33,-34,-33,-34,-32,-34,-34,-33,-34,-33,-34,-33,-33,-31,-32,-31,-33,-34,-33,-33,-33,-34
1,-42,-41,-42,-41,-42,-40,-40,-41,-41,-40,-40,-39,-41,-39,-41,-41,-40,-40,-41,-42,-41,-40,-41,-40,-41,-40,-42
3,-34,-36,-34,-38,-41,-42,-45,-50,-49,-49,-49,-49,-49,-51,-50,-47,-45,-44,-43,-43,-37,-34,-37,-37,-38,-37,-35
3,-32,-34,-33,-31,-31,-39,-39,-41,-44,-43,-41,-42,-41,-42,-41,-40,-41,-42,-39,-41,-39,-38,-31,-35,-33,-34,-34
1,-41,-41,-41,-41,-41,-41,-41,-41,-40,-41,-40,-43,-41,-40,-40,-41,-41,-40,-41,-41,-42,-40,-40,-40,-43,-41,-41
3,-31,-30,-34,-43,-40,-42,-43,-45,-45,-42,-41,-42,-40,-39,-41,-36,-37,-37,-32,-30,-31,-31,-32,-33,-32,-34,-31
2,-38,-38,-38,-46,-45,-51,-38,-38,-39,-39,-41,-43,-42,-43,-42,-45,-39,-41,-35,-46,-45,-45,-41,-37,-39,-38,-39
1,-43,-42,-41,-41,-42,-40,-42,-40,-40,-40,-40,-39,-41,-40,-40,-40,-41,-40,-41,-41,-40,-42,-40,-42,-42,-41,-39
3,-34,-31,-30,-31,-30,-40,-42,-41,-44,-41,-42,-42,-41,-39,-40,-42,-40,-39,-39,-42,-39,-39,-34,-31,-35,-30,-31
2,-38,-38,-38,-42,-44,-45,-37,-47,-40,-42,-42,-42,-40,-40,-41,-40,-42,-37,-43,-35,-50,-46,-42,-39,-38,-38,-38
3,-31,-31,-32,-31,-30,-33,-37,-39,-42,-42,-38,-40,-40,-42,-39,-38,-42,-42,-38,-38,-37,-37,-40,-34,-33,-35,-31
2,-38,-37,-37,-43,-40,-40,-42,-40,-39,-39,-39,-39,-39,-39,-39,-40,-39,-41,-38,-54,-43,-38,-38,-38,-40,-37,-38
3,-34,-39,-45,-47,-49,-50,-50,-53,-51,-49,-48,-48,-47,-46,-46,-44,-44,-44,-41,-37,-35,-35,-34,-35,-36,-35,-35
1,-40,-42,-40,-40,-40,-40,-40,-42,-42,-43,-40,-40,-40,-40,-40,-40,-40,-40,-40,-40,-40,-40,-40,-40,-40,-40,-40
3,-31,-35,-32,-31,-32,-33,-33,-32,-42,-40,-40,-41,-41,-38,-37,-38,-38,-37,-37,-40,-42,-39,-37,-40,-42,-39,-38
2,-34,-36,-34,-35,-33,-40,-30,-35,-35,-35,-34,-35,-36,-35,-35,-35,-33,-35,-37,-34,-36,-34,-34,-40,-39,-34,-34
3,-32,-33,-32,-32,-32,-32,-37,-39,-43,-42,-42,-46,-45,-44,-45,-44,-41,-42,-41,-41,-41,-41,-36,-31,-32,-31,-33
3,-33,-31,-32,-33,-36,-41,-41,-41,-42,-40,-42,-43,-43,-40,-41,-40,-42,-40,-37,-39,-36,-31,-31,-31,-32,-30,-31
1,-32,-34,-33,-34,-32,-33,-34,-33,-31,-32,-33,-33,-33,-35,-33,-34,-34,-34,-34,-34,-36,-35,-33,-34,-33,-33,-34
2,-37,-38,-39,-44,-42,-40,-45,-38,-40,-41,-41,-42,-41,-41,-42,-40,-37,-35,-45,-42,-38,-38,-36,-37,-36,-38,-37
3,-34,-35,-38,-41,-44,-45,-48,-47,-47,-48,-48,-49,-51,-51,-52,-43,-46,-45,-41,-41,-34,-34,-37,-36,-35,-36,-34
2,-37,-33,-40,-40,-35,-34,-35,-35,-34,-35,-34,-35,-34,-37,-35,-35,-37,-36,-37,-32,-35,-41,-37,-36,-34,-36,-35
1,-33,-32,-34,-35,-34,-33,-35,-32,-33,-32,-32,-31,-34,-32,-33,-34,-34,-33,-33,-31,-33,-32,-34,-31,-32,-32,-34
1,-33,-32,-32,-32,-32,-33,-32,-34,-34,-35,-34,-33,-34,-33,-35,-35,-35,-33,-35,-35,-35,-34,-33,-35,-33,-33,-35
2,-35,-35,-37,-45,-30,-37,-33,-35,-36,-35,-34,-37,-35,-34,-35,-35,-35,-35,-34,-36,-34,-44,-31,-32,-34,-33,-33
1,-39,-40,-42,-40,-41,-41,-42,-40,-40,-42,-40,-41,-42,-40,-40,-40,-40,-41,-42,-41,-40,-41,-41,-41,-41,-40,-41
1,-42,-42,-42,-43,-42,-42,-42,-43,-42,-43,-42,-41,-41,-41,-44,-42,-41,-41,-43,-41,-41,-41,-41,-43,-41,-41,-41
2,-35,-34,-34,-34,-39,-41,-32,-33,-35,-35,-33,-34,-32,-33,-34,-34,-34,-34,-36,-33,-35,-34,-33,-43,-37,-35,-34
2,-38,-37,-38,-40,-41,-47,-44,-48,-37,-45,-38,-38,-41,-42,-40,-41,-41,-41,-42,-41,-38,-39,-35,-39,-45,-45,-44
1,-36,-35,-35,-34,-36,-34,-36,-34,-34,-34,-33,-33,-35,-36,-34,-34,-34,-34,-33,-34,-36,-37,-35,-36,-35,-36,-35
2,-36,-34,-36,-34,-33,-33,-40,-31,-36,-34,-36,-36,-33,-34,-34,-37,-34,-35,-34,-36,-35,-34,-32,-44,-40,-34,-34
1,-42,-43,-42,-42,-43,-43,-40,-41,-40,-43,-42,-43,-43,-41,-41,-40,-41,-41,-43,-41,-43,-43,-42,-42,-43,-43,-42
3,-35,-34,-34,-41,-45,-43,-46,-53,-43,-38,-40,-45,-46,-46,-48,-52,-48,-46,-44,-42,-37,-36,-33,-32,-33,-36,-38
2,-38,-37,-37,-37,-37,-43,-43,-43,-38,-40,-39,-39,-42,-41,-41,-43,-41,-38,-43,-34,-47,-42,-41,-39,-39,-39,-38
1,-42,-40,-41,-41,-43,-41,-40,-41,-41,-42,-41,-41,-42,-42,-41,-41,-41,-42,-42,-42,-42,-41,-40,-40,-41,-41,-40
1,-35,-35,-33,-34,-35,-34,-35,-35,-35,-36,-34,-35,-35,-35,-36,-34,-36,-35,-35,-35,-33,-36,-36,-34,-36,-35,-35
3,-38,-36,-35,-37,-42,-43,-45,-47,-43,-43,-46,-46,-42,-43,-43,-43,-41,-41,-36,-33,-36,-34,-35,-35,-33,-34,-32
1,-35,-35,-35,-33,-34,-34,-35,-34,-33,-36,-35,-36,-34,-36,-34,-34,-34,-34,-33,-33,-34,-35,-34,-34,-34,-34,-34
2,-41,-42,-42,-43,-32,-34,-37,-36,-37,-36,-34,-34,-35,-35,-35,-35,-35,-36,-35,-33,-31,-39,-43,-36,-33,-34,-37
3,-32,-32,-30,-31,-30,-31,-33,-33,-32,-40,-41,-41,-39,-37,-37,-38,-37,-39,-41,-40,-39,-41,-38,-38,-32,-31,-31
1,-40,-40,-42,-40,-40,-40,-41,-41,-40,-42,-41,-41,-39,-39,-40,-39,-41,-41,-40,-39,-40,-42,-40,-42,-42,-41,-40
1,-41,-42,-41,-43,-42,-41,-40,-41,-40,-40,-41,-42,-41,-40,-41,-43,-40,-40,-41,-40,-41,-43,-40,-40,-40,-40,-41
1,-34,-35,-34,-35,-34,-34,-33,-34,-35,-35,-36,-34,-35,-35,-37,-35,-36,-34,-34,-36,-35,-35,-35,-36,-36,-33,-35
2,-38,-38,-38,-37,-36,-38,-43,-44,-44,-40,-40,-40,-40,-41,-42,-42,-44,-40,-39,-44,-40,-48,-40,-39,-38,-38,-36
3,-35,-35,-35,-34,-37,-41,-45,-46,-47,-47,-49,-50,-49,-49,-46,-44,-42,-45,-44,-41,-38,-33,-33,-33,-35,-36,-36
1,-34,-34,-34,-32,-35,-34,-34,-35,-34,-34,-34,-33,-32,-34,-33,-36,-34,-35,-33,-36,-34,-33,-33,-36,-34,-35,-37
3,-34,-35,-41,-43,-45,-49,-41,-37,-37,-38,-41,-45,-52,-47,-44,-43,-43,-36,-33,-34,-37,-34,-34,-35,-34,-34,-34
2,-37,-37,-39,-43,-43,-50,-37,-40,-42,-42,-41,-43,-42,-41,-40,-40,-39,-42,-50,-43,-42,-38,-38,-39,-39,-38,-38
2,-35,-35,-34,-34,-41,-31,-36,-34,-35,-35,-34,-34,-34,-34,-35,-34,-34,-34,-35,-36,-35,-37,-32,-43,-38,-34,-35
2,-38,-37,-37,-44,-42,-37,-39,-39,-43,-42,-42,-42,-43,-42,-41,-40,-40,-41,-43,-43,-43,-40,-37,-38,-38,-38,-38
3,-36,-36,-37,-36,-34,-35,-39,-44,-45,-47,-46,-46,-47,-46,-46,-46,-43,-44,-44,-43,-41,-38,-35,-35,-34,-35,-33
2,-38,-38,-38,-41,-45,-39,-40,-39,-40,-42,-41,-41,-41,-40,-40,-40,-41,-40,-40,-38,-48,-40,-39,-39,-41,-40,-40
2,-34,-34,-35,-38,-35,-37,-33,-35,-34,-35,-35,-35,-33,-34,-35,-35,-34,-37,-34,-34,-41,-36,-34,-34,-34,-33,-34
1,-36,-36,-34,-36,-37,-34,-34,-34,-34,-34,-34,-35,-36,-35,-36,-35,-34,-34,-35,-35,-34,-35,-34,-35,-35,-34,-35
1,-42,-41,-39,-40,-42,-41,-40,-39,-40,-40,-41,-42,-41,-42,-43,-41,-42,-41,-42,-42,-41,-43,-41,-41,-41,-41,-41
1,-42,-40,-42,-43,-43,-43,-41,-41,-40,-41,-41,-40,-42,-42,-42,-40,-41,-41,-40,-40,-39,-41,-41,-41,-41,-41,-40
3,-32,-35,-31,-31,-37,-40,-40,-42,-44,-43,-40,-41,-42,-41,-40,-43,-41,-41,-43,-42,-40,-41,-38,-33,-32,-31,-33
1,-35,-35,-35,-36,-35,-34,-35,-34,-32,-35,-34,-34,-34,-36,-35,-35,-35,-36,-33,-34,-34,-34,-33,-34,-36,-35,-33
3,-30,-32,-31,-31,-39,-39,-42,-40,-40,-36,-38,-38,-38,-38,-42,-42,-41,-37,-36,-37,-34,-30,-33,-31,-31,-31,-31
3,-36,-34,-37,-33,-35,-40,-41,-43,-43,-44,-45,-48,-52,-50,-49,-50,-50,-47,-47,-43,-41,-39,-34,-33,-35,-36,-36
2,-39,-43,-32,-37,-35,-37,-35,-36,-34,-34,-35,-35,-36,-35,-35,-37,-37,-33,-38,-32,-34,-43,-45,-37,-32,-34,-35
3,-31,-32,-32,-33,-32,-39,-39,-45,-40,-42,-42,-41,-42,-42,-43,-43,-41,-40,-41,-39,-38,-36,-35,-32,-33,-33,-32
1,-37,-35,-36,-36,-35,-34,-34,-35,-34,-33,-34,-34,-33,-34,-35,-35,-35,-35,-36,-35,-35,-35,-36,-34,-33,-34,-35
3,-31,-32,-32,-33,-32,-38,-40,-39,-42,-41,-44,-41,-42,-42,-42,-41,-41,-43,-41,-42,-42,-39,-31,-31,-31,-30,-31
2,-36,-36,-37,-34,-43,-35,-39,-37,-34,-34,-34,-34,-35,-35,-35,-36,-37,-35,-33,-36,-36,-42,-36,-33,-34,-34,-34
1,-42,-41,-42,-41,-42,-42,-41,-41,-41,-44,-43,-41,-41,-43,-43,-42,-41,-42,-44,-42,-42,-42,-42,-43,-42,-43,-44
2,-37,-39,-38,-39,-37,-38,-43,-46,-46,-38,-44,-39,-41,-42,-42,-43,-42,-40,-41,-42,-42,-41,-36,-44,-46,-42,-43
1,-35,-35,-35,-35,-35,-35,-35,-37,-36,-35,-35,-37,-37,-36,-36,-35,-35,-35,-35,-35,-36,-34,-34,-32,-36,-34,-34
3,-34,-34,-36,-40,-43,-43,-45,-48,-41,-39,-39,-41,-45,-45,-45,-44,-43,-42,-40,-37,-35,-33,-36,-37,-35,-36,-35
2,-37,-38,-37,-39,-39,-39,-37,-37,-38,-40,-41,-38,-40,-42,-42,-42,-38,-38,-40,-36,-49,-43,-42,-39,-39,-39,-38
3,-35,-35,-34,-36,-41,-40,-43,-43,-45,-48,-46,-45,-50,-50,-50,-46,-45,-43,-43,-43,-40,-37,-34,-37,-34,-36,-35
1,-40,-41,-41,-41,-40,-41,-40,-40,-40,-40,-41,-39,-41,-40,-42,-40,-40,-41,-40,-42,-40,-40,-39,-41,-40,-39,-40
3,-32,-31,-32,-32,-36,-39,-41,-40,-40,-40,-42,-41,-39,-39,-40,-41,-39,-39,-37,-37,-37,-32,-31,-32,-34,-32,-31
