1,-36,-35,-36,-35,-35,-36,-34,-35,-36,-36,-34,-36,-35,-35,-34,-35,-35,-34,-35,-36,-35,-36,-34,-35,-35,-37,-35
1,-33,-32,-34,-35,-34,-33,-35,-32,-33,-32,-32,-31,-34,-32,-33,-34,-34,-33,-33,-31,-33,-32,-34,-31,-32,-32,-34
1,-33,-32,-32,-32,-32,-33,-32,-34,-34,-35,-34,-33,-34,-33,-35,-35,-35,-33,-35,-35,-35,-34,-33,-35,-33,-33,-35
1,-35,-33,-34,-35,-34,-33,-34,-35,-33,-33,-34,-35,-35,-34,-32,-32,-33,-33,-33,-32,-33,-33,-34,-33,-35,-33,-33
1,-35,-35,-35,-35,-37,-35,-36,-36,-37,-35,-35,-34,-35,-35,-36,-37,-36,-36,-35,-36,-36,-37,-37,-36,-35,-34,-35
1,-35,-35,-33,-34,-35,-34,-35,-35,-35,-36,-34,-35,-35,-35,-36,-34,-36,-35,-35,-35,-33,-36,-36,-34,-36,-35,-35
1,-35,-35,-35,-35,-35,-35,-35,-37,-36,-35,-35,-37,-37,-36,-36,-35,-35,-35,-35,-35,-36,-34,-34,-32,-36,-34,-34
1,-34,-34,-34,-32,-35,-34,-34,-35,-34,-34,-34,-33,-32,-34,-33,-36,-34,-35,-33,-36,-34,-33,-33,-36,-34,-35,-37
1,-35,-35,-35,-33,-34,-34,-35,-34,-33,-36,-35,-36,-34,-36,-34,-34,-34,-34,-33,-33,-34,-35,-34,-34,-34,-34,-34
1,-36,-35,-35,-34,-36,-34,-36,-34,-34,-34,-33,-33,-35,-36,-34,-34,-34,-34,-33,-34,-36,-37,-35,-36,-35,-36,-35
1,-37,-35,-36,-36,-35,-34,-34,-35,-34,-33,-34,-34,-33,-34,-35,-35,-35,-35,-36,-35,-35,-35,-36,-34,-33,-34,-35
1,-34,-35,-34,-35,-34,-34,-33,-34,-35,-35,-36,-34,-35,-35,-37,-35,-36,-34,-34,-36,-35,-35,-35,-36,-36,-33,-35
1,-35,-34,-32,-33,-33,-33,-34,-33,-34,-32,-34,-34,-33,-34,-33,-34,-33,-33,-31,-32,-31,-33,-34,-33,-33,-33,-34
1,-36,-36,-34,-36,-37,-34,-34,-34,-34,-34,-34,-35,-36,-35,-36,-35,-34,-34,-35,-35,-34,-35,-34,-35,-35,-34,-35
1,-35,-35,-34,-34,-33,-33,-34,-34,-34,-34,-33,-33,-34,-34,-34,-33,-34,-34,-35,-36,-34,-34,-35,-35,-36,-35,-34
2,-50,-42,-32,-39,-37,-38,-38,-39,-40,-39,-38,-37,-35,-37,-35,-34,-36,-36,-44,-45,-42,-37,-38,-38,-39,-39,-39
2,-35,-36,-37,-41,-45,-35,-36,-39,-40,-38,-38,-38,-36,-37,-33,-36,-44,-45,-41,-37,-38,-39,-38,-38,-37,-37,-35
2,-46,-50,-39,-32,-36,-38,-40,-39,-37,-38,-40,-35,-35,-39,-35,-34,-34,-39,-44,-45,-37,-38,-38,-38,-38,-35,-36
2,-38,-38,-38,-39,-38,-39,-39,-34,-34,-32,-38,-42,-43,-42,-38,-36,-37,-38,-39,-39,-39,-39,-40,-40,-38,-39,-36
2,-44,-49,-51,-48,-37,-35,-39,-37,-39,-38,-38,-40,-39,-39,-36,-34,-38,-32,-38,-43,-43,-41,-37,-38,-41,-40,-39
2,-42,-42,-47,-34,-40,-36,-38,-39,-38,-38,-39,-36,-36,-35,-33,-35,-44,-44,-36,-35,-36,-38,-40,-36,-37,-36,-38
2,-40,-49,-40,-38,-37,-39,-39,-38,-39,-39,-38,-38,-39,-39,-36,-36,-32,-35,-41,-42,-36,-39,-39,-39,-39,-40,-38
2,-49,-39,-44,-38,-38,-38,-37,-38,-40,-39,-38,-34,-34,-38,-34,-32,-35,-40,-44,-36,-38,-38,-37,-38,-37,-38,-39
2,-46,-48,-41,-37,-36,-39,-39,-38,-38,-38,-40,-38,-36,-35,-38,-35,-32,-40,-42,-43,-41,-39,-37,-37,-38,-37,-38
2,-36,-37,-39,-39,-38,-38,-39,-36,-36,-37,-33,-41,-43,-43,-40,-40,-39,-39,-39,-40,-38,-37,-36,-35,-37,-42,-44
2,-36,-40,-47,-44,-37,-36,-37,-38,-40,-39,-40,-38,-38,-38,-39,-35,-40,-33,-35,-40,-41,-37,-36,-40,-39,-39,-38
2,-48,-37,-34,-35,-38,-38,-40,-40,-37,-36,-35,-34,-33,-34,-35,-39,-43,-44,-43,-42,-37,-36,-38,-40,-39,-37,-39
2,-38,-42,-48,-34,-40,-37,-41,-35,-37,-40,-37,-35,-32,-36,-40,-33,-36,-40,-41,-42,-37,-37,-39,-39,-39,-38,-36
2,-42,-46,-36,-38,-38,-38,-39,-38,-37,-40,-38,-34,-38,-38,-34,-32,-37,-44,-42,-38,-37,-38,-38,-39,-39,-37,-37
2,-39,-45,-49,-34,-38,-37,-39,-38,-38,-38,-36,-37,-38,-35,-40,-32,-39,-39,-39,-40,-38,-38,-39,-38,-38,-38,-39
3,-41,-42,-44,-43,-45,-53,-49,-51,-50,-49,-45,-45,-46,-45,-40,-38,-33,-32,-34,-33,-35,-35,-34,-35,-37,-36,-36
3,-35,-34,-34,-41,-45,-43,-46,-53,-43,-38,-40,-45,-46,-46,-48,-52,-48,-46,-44,-42,-37,-36,-33,-32,-33,-36,-38
3,-34,-35,-41,-43,-45,-49,-41,-37,-37,-38,-41,-45,-52,-47,-44,-43,-43,-36,-33,-34,-37,-34,-34,-35,-34,-34,-34
3,-34,-36,-34,-38,-41,-42,-45,-50,-49,-49,-49,-49,-49,-51,-50,-47,-45,-44,-43,-43,-37,-34,-37,-37,-38,-37,-35
3,-34,-35,-38,-41,-44,-45,-48,-47,-47,-48,-48,-49,-51,-51,-52,-43,-46,-45,-41,-41,-34,-34,-37,-36,-35,-36,-34
3,-36,-34,-35,-41,-41,-41,-45,-47,-48,-48,-48,-47,-46,-44,-42,-37,-34,-32,-35,-35,-35,-36,-35,-36,-35,-35,-41
3,-43,-42,-46,-50,-53,-52,-52,-52,-52,-54,-48,-46,-44,-45,-42,-41,-39,-36,-33,-35,-35,-34,-36,-35,-36,-36,-35
3,-33,-42,-44,-43,-48,-53,-47,-47,-50,-49,-52,-51,-45,-43,-42,-42,-36,-34,-33,-34,-35,-37,-35,-35,-36,-35,-37
3,-37,-34,-36,-35,-34,-40,-41,-43,-44,-46,-52,-49,-50,-52,-51,-55,-47,-46,-45,-44,-44,-41,-35,-33,-34,-34,-38
3,-34,-39,-42,-46,-49,-42,-37,-39,-43,-44,-48,-43,-44,-45,-45,-44,-42,-36,-33,-34,-36,-36,-36,-39,-35,-35,-34
3,-37,-34,-33,-36,-39,-44,-46,-50,-43,-46,-51,-51,-52,-52,-49,-47,-45,-45,-43,-44,-36,-33,-34,-35,-36,-36,-36
3,-35,-35,-35,-34,-37,-41,-45,-46,-47,-47,-49,-50,-49,-49,-46,-44,-42,-45,-44,-41,-38,-33,-33,-33,-35,-36,-36
3,-34,-34,-36,-40,-43,-43,-45,-48,-41,-39,-39,-41,-45,-45,-45,-44,-43,-42,-40,-37,-35,-33,-36,-37,-35,-36,-35
3,-35,-35,-34,-36,-41,-40,-43,-43,-45,-48,-46,-45,-50,-50,-50,-46,-45,-43,-43,-43,-40,-37,-34,-37,-34,-36,-35
3,-36,-36,-37,-36,-34,-35,-39,-44,-45,-47,-46,-46,-47,-46,-46,-46,-43,-44,-44,-43,-41,-38,-35,-35,-34,-35,-33
