3,-35,-34,-34,-41,-45,-43,-46,-53,-43,-38,-40,-45,-46,-46,-48,-52,-48,-46,-44,-42,-37,-36,-33,-32,-33,-36,-38
1,-35,-35,-33,-34,-35,-34,-35,-35,-35,-36,-34,-35,-35,-35,-36,-34,-36,-35,-35,-35,-33,-36,-36,-34,-36,-35,-35
3,-34,-36,-34,-38,-41,-42,-45,-50,-49,-49,-49,-49,-49,-51,-50,-47,-45,-44,-43,-43,-37,-34,-37,-37,-38,-37,-35
3,-35,-35,-34,-36,-41,-40,-43,-43,-45,-48,-46,-45,-50,-50,-50,-46,-45,-43,-43,-43,-40,-37,-34,-37,-34,-36,-35
2,-35,-33,-32,-34,-33,-34,-34,-36,-33,-34,-34,-34,-33,-34,-34,-34,-36,-33,-36,-34,-34,-43,-43,-35,-35,-37,-36
2,-34,-34,-33,-38,-43,-33,-32,-35,-35,-35,-35,-34,-35,-34,-36,-35,-35,-32,-38,-34,-30,-43,-42,-38,-34,-34,-35
2,-34,-34,-34,-35,-38,-37,-35,-34,-34,-34,-33,-34,-35,-36,-35,-35,-32,-36,-33,-45,-40,-34,-34,-35,-37,-35,-35
3,-34,-39,-42,-46,-49,-42,-37,-39,-43,-44,-48,-43,-44,-45,-45,-44,-42,-36,-33,-34,-36,-36,-36,-39,-35,-35,-34
3,-33,-42,-44,-43,-48,-53,-47,-47,-50,-49,-52,-51,-45,-43,-42,-42,-36,-34,-33,-34,-35,-37,-35,-35,-36,-35,-37
2,-34,-34,-35,-38,-35,-37,-33,-35,-34,-35,-35,-35,-33,-34,-35,-35,-34,-37,-34,-34,-41,-36,-34,-34,-34,-33,-34
2,-36,-32,-38,-43,-38,-34,-33,-33,-34,-34,-37,-35,-35,-35,-36,-35,-36,-34,-37,-33,-46,-43,-34,-31,-33,-33,-33
3,-34,-34,-41,-42,-42,-46,-48,-50,-50,-51,-50,-47,-46,-46,-45,-44,-44,-43,-42,-40,-39,-35,-33,-36,-35,-36,-38
1,-34,-35,-34,-35,-34,-34,-33,-34,-35,-35,-36,-34,-35,-35,-37,-35,-36,-34,-34,-36,-35,-35,-35,-36,-36,-33,-35
3,-36,-35,-33,-37,-41,-43,-44,-50,-51,-50,-53,-52,-48,-45,-43,-38,-34,-34,-36,-35,-37,-37,-37,-38,-37,-36,-35
3,-34,-35,-41,-43,-45,-49,-41,-37,-37,-38,-41,-45,-52,-47,-44,-43,-43,-36,-33,-34,-37,-34,-34,-35,-34,-34,-34
2,-36,-33,-34,-33,-33,-35,-40,-32,-34,-36,-35,-34,-35,-35,-34,-34,-34,-35,-35,-34,-34,-37,-31,-39,-43,-35,-32
2,-35,-33,-32,-33,-39,-33,-39,-33,-33,-35,-36,-35,-35,-35,-34,-36,-34,-34,-33,-31,-40,-39,-31,-34,-37,-35,-34
2,-37,-33,-40,-40,-35,-34,-35,-35,-34,-35,-34,-35,-34,-37,-35,-35,-37,-36,-37,-32,-35,-41,-37,-36,-34,-36,-35
3,-38,-36,-35,-37,-42,-43,-45,-47,-43,-43,-46,-46,-42,-43,-43,-43,-41,-41,-36,-33,-36,-34,-35,-35,-33,-34,-32
1,-35,-35,-35,-35,-35,-35,-35,-37,-36,-35,-35,-37,-37,-36,-36,-35,-35,-35,-35,-35,-36,-34,-34,-32,-36,-34,-34
3,-34,-39,-45,-47,-49,-50,-50,-53,-51,-49,-48,-48,-47,-46,-46,-44,-44,-44,-41,-37,-35,-35,-34,-35,-36,-35,-35
1,-36,-36,-34,-36,-37,-34,-34,-34,-34,-34,-34,-35,-36,-35,-36,-35,-34,-34,-35,-35,-34,-35,-34,-35,-35,-34,-35
2,-35,-35,-34,-34,-41,-31,-36,-34,-35,-35,-34,-34,-34,-34,-35,-34,-34,-34,-35,-36,-35,-37,-32,-43,-38,-34,-35
2,-34,-36,-34,-35,-33,-40,-30,-35,-35,-35,-34,-35,-36,-35,-35,-35,-33,-35,-37,-34,-36,-34,-34,-40,-39,-34,-34
1,-35,-35,-35,-33,-34,-34,-35,-34,-33,-36,-35,-36,-34,-36,-34,-34,-34,-34,-33,-33,-34,-35,-34,-34,-34,-34,-34
1,-34,-33,-35,-34,-35,-35,-35,-34,-36,-35,-35,-35,-34,-34,-35,-34,-34,-34,-35,-33,-32,-33,-32,-34,-33,-35,-33
3,-36,-34,-37,-33,-35,-40,-41,-43,-43,-44,-45,-48,-52,-50,-49,-50,-50,-47,-47,-43,-41,-39,-34,-33,-35,-36,-36
1,-36,-35,-36,-35,-35,-36,-34,-35,-36,-36,-34,-36,-35,-35,-34,-35,-35,-34,-35,-36,-35,-36,-34,-35,-35,-37,-35
3,-35,-35,-35,-34,-37,-41,-45,-46,-47,-47,-49,-50,-49,-49,-46,-44,-42,-45,-44,-41,-38,-33,-33,-33,-35,-36,-36
1,-33,-32,-34,-35,-34,-33,-35,-32,-33,-32,-32,-31,-34,-32,-33,-34,-34,-33,-33,-31,-33,-32,-34,-31,-32,-32,-34
1,-36,-35,-35,-34,-36,-34,-36,-34,-34,-34,-33,-33,-35,-36,-34,-34,-34,-34,-33,-34,-36,-37,-35,-36,-35,-36,-35
1,-35,-35,-35,-36,-35,-34,-35,-34,-32,-35,-34,-34,-34,-36,-35,-35,-35,-36,-33,-34,-34,-34,-33,-34,-36,-35,-33
1,-35,-35,-35,-35,-37,-35,-36,-36,-37,-35,-35,-34,-35,-35,-36,-37,-36,-36,-35,-36,-36,-37,-37,-36,-35,-34,-35
2,-35,-35,-37,-45,-30,-37,-33,-35,-36,-35,-34,-37,-35,-34,-35,-35,-35,-35,-34,-36,-34,-44,-31,-32,-34,-33,-33
3,-36,-34,-35,-41,-41,-41,-45,-47,-48,-48,-48,-47,-46,-44,-42,-37,-34,-32,-35,-35,-35,-36,-35,-36,-35,-35,-41
2,-36,-34,-36,-34,-33,-33,-40,-31,-36,-34,-36,-36,-33,-34,-34,-37,-34,-35,-34,-36,-35,-34,-32,-44,-40,-34,-34
2,-35,-34,-34,-34,-39,-41,-32,-33,-35,-35,-33,-34,-32,-33,-34,-34,-34,-34,-36,-33,-35,-34,-33,-43,-37,-35,-34
2,-34,-34,-36,-42,-35,-35,-35,-34,-34,-34,-34,-36,-36,-35,-35,-35,-33,-32,-42,-34,-33,-34,-34,-33,-35,-35,-35
1,-35,-33,-34,-35,-34,-33,-34,-35,-33,-33,-34,-35,-35,-34,-32,-32,-33,-33,-33,-32,-33,-33,-34,-33,-35,-33,-33
3,-36,-36,-37,-36,-34,-35,-39,-44,-45,-47,-46,-46,-47,-46,-46,-46,-43,-44,-44,-43,-41,-38,-35,-35,-34,-35,-33
1,-34,-34,-34,-32,-35,-34,-34,-35,-34,-34,-34,-33,-32,-34,-33,-36,-34,-35,-33,-36,-34,-33,-33,-36,-34,-35,-37
3,-43,-42,-46,-50,-53,-52,-52,-52,-52,-54,-48,-46,-44,-45,-42,-41,-39,-36,-33,-35,-35,-34,-36,-35,-36,-36,-35
1,-34,-33,-33,-32,-33,-34,-35,-35,-33,-34,-33,-34,-35,-33,-33,-34,-32,-33,-33,-32,-33,-32,-33,-35,-34,-34,-34
2,-34,-39,-42,-32,-40,-33,-35,-35,-37,-35,-35,-34,-34,-35,-35,-33,-34,-36,-37,-35,-31,-46,-44,-37,-32,-37,-36
1,-34,-33,-35,-34,-34,-34,-34,-35,-35,-36,-34,-35,-34,-35,-34,-35,-35,-35,-35,-34,-34,-36,-35,-36,-36,-35,-34
